000011100010110100011011000011100010111100011001000011100010111000011001
0000111000101110000111000000111000101110000111100000111000101110000111010
0001110001011100010000100001110001011110010111100010100000011100010110000
1011110000111000101111000111000000111000101111001000010000111000101110001
0101000001110001011100010000100001110001011100010110100001110001011100001
1001000101000000111000101010001010110000111000101100001011000000111000101
1100010111000001110001011110001111100001110001011100001100100001110001011
1100011001000011100010111100011011000101000000111000101110001000010001010
0000011100010110100011010000011100010111000011001000011100010111000101011
0000111000101111001011000000111000101110000111100000111000101111000110010
0001110001011100010000100001110001010110010101100010100000011100010111000
1000000000111000101110000110010000111000101110001011010000111000101110001
0000100001110001011100010110000001110001011100001100100001110001011100001
1110000011100010111100011011000101000000111000101110000110110000111000101
1110001101000001110001011100001111000001110001011100001110000001110001011
1000101110000101000000111000101110000111010000111000101110000111100000111
0001011110001101000001110001011110010111100001110001011110001101100001110
0010111100101100000101000000111000101111000110100000111000101111000110110
0001110001011110001100100001110001011100001100100001110001011100010110100
0011100010111000100001000011100010111100011111000101110001010000001110001
0110000101110000101000000111000101111001000000000111000101110000111100000
1110001011100010110000010100000011100010111000101110000011100010111000101
1010000111000101110000110010000111000011100001011110001010000001110001011
0000101110000101000000111000101110001000000000111000101110000110010000111
0001011100001101100001110001011100010000100001110001011110001101000001110
0010111100011011000011100010111000100001000101000000111000101110001000010
0001110001011100010101100001110001011100010000100010100000011100010111000
1011100001010000001110001011110001101100001110001011100010111000001110001
0111000101100000011100001101100101100000101000000111000101111001000000000
1110001011110001101100001110001011100010111000010100000011100010101000101
0110000111000101110000111000000111000101110000111100000111000101110001011
0100001110001011100010000100001110001011100010001000010100000011100010111
0001000010001010000001110001011100010000000001110001011100010101100001110
0010111000101110000011100010111000011101000011100010111000011110000011100
0101110001000100000111000101111000110100000111000101111000110110000111000
1011100001101100001110001011100010111000010100000011100010001000011111000
1010000001110001011100001110100001110001011100001101100001110001011100001
1110000101000000111000101110000110110000111000101110000111100000111000101
1110010001000001110001011100010000100010100000011100010111000101101000011
1000101110000111100000111000101111000110100000111000101110001011100000111
0001011100001101100001110001011100010110000001110001011100001111000001110
0010111100011010000011100010111100011011000011100010111000101101000011100
0101111001010110000111000101110000111100000111000101011001010110000111000
0111000010111100010100000011100010110000011110000011100010111100011010000
0111000101111000110110000111000101111001011000001010000001110001011100010
1011000011100010111000100001000101000000111000101110001011100000111000101
1100010111100001110001011110001100100001110001011100001100100001110001011
1000011011000011100010111000011101000011100010111000011001000011100010111
0001011010000111000101110001000010000111000101110000111100001010000001110
0010110100011010000011100010111000011001000011100010111000101011000011100
0101111001011000000111000101110000111100000111000101111000110010000111000
1011100010000100001110000110110010110000010100000011100010111000101010000
0111000101110001011100000111000101111000110110000111000101110001011100000
1110001011110001100100001110001011110010101100001110001011100010001000001
1100001101100101100000101000000111000101110001011110000111000101110001011
1000010100000011100010111000011011000011100010111000011110000011100010111
1000110010000111000101111000110100000111000101110001000010000111000101110
0010000100010100000011100010110000101111000011100010111100011100000011100
0101111001000010000111000101110001010100000111000101110001000010000111000
1011100010110100001110001011100001100100001110000110110010110000010100000
0111000101110001011100000111000101111000110110000111000101111000110010000
1110001011100001100100001110001011100001101100001110001011100010000100001
1100010111000101011000101000000111000101100001011000000111000101110001011
1000001110001011110001111100001110001011100001100100001110001011110001100
1000011100010111100011011000011100010111000011001000011100001110000101111
0000111000011100001011000100101101011011000011100001101100101111000011100
0011100001011100000111000101100001000010000111000101111000110100000111000
1011110001101100001110001011100010111000001110001011110001100100001110001
0111000100001000011100010111100101111000101000000111000101110001011110000
1110001011110001100100001110001011100001111000001110001011100001110100001
1100010111100011100000011100010111000101100000011100010111100101011000011
1000101111001000010000111000101110001010110000111000101110000111100000111
0001011100010110100001110001011100010110100001110001011100010111000001110
0010111000011100000011100010111000101110000101000000111000101111000111000
0001110001011100001101000001110001011100010000100001110001011100010001000
0011100010111100011010000011100010111100011011000011100010111000011011000
0111000101110000110010001010000001110001011110001100100001110001011100001
1001000011100010111100011010000011100010111100011010000011100010111000101
0100000111000101110000110010000111000101110001000000000111000101111001010
1100001110001011100001101100001110001011100001100100001110001011100001111
0000011100010111100011011000011100010111100011010000011100010111100101111
0001010000001110001011110001101000001110001011100001100100001110001011100
0101100000011100010111000100001000011100010111000101100000101000000111000
1011100010111100001110001011110001100100001110001011100001111000001110001
0111100011010000011100010111100011011000011100010111100011100000011100010
1110001011110000111000101110001011010000111000101110001000010000111000101
1100010101000001110001011100010111000001110001011100010110000001110000111
0000101010000101000000111000101110001000010001010000001110001011000010110
0000011100010111000101110000011100010111100011111000011100010111000011001
0000111000101111000110010000111000101111000110110000111000101110000110010
0001110000110110010110000010100000011100010111000100001000101000000111000
1011100001101100001110001011110001101000001110001011100001111000010100000
0111000101110001011110000111000101111000110010000111000101110001011100000
1110001011100010000100001110001011110001101000001110001011110001111000001
1100010111000101110000011100010111000011101000011100010111100101111000011
1000101111001000100000111000101110000111100000111000101110000111100001010
0000011100010111000101100000011100010111100101011000101000000111000101110
0001101100001110001011100010000100001110001011100001110100001110001011100
0100001000011100010111000101100000101000000111000101110000111000000111000
1011100010101100001110001011100001100100001110001011100010000000001110001
0111000011001000011100010111000101100000011100010111000100001000101000000
1110001011010001101000001110001011100001100100001110001011100010101100001
1100010111100101100000011100010111000011110000011100010111100011001000011
1000101110001000010001011100010100000011100010110000101111000011100010111
1001011000000111000101110000111100000111000101111000110100000111000101110
0001100100010100000011100010111000101101000011100010111000011001000011100
0101111001000000000111000101110001000010000111000101110001011010000111000
1011100001100100001110001011100001111000001110001011110001101100001110001
0111100011010000011100010111100101111000101000000111000101111000110100001
0100000011100010111000011110000011100010111000011100000011100010111000101
1100001010000001110001011100010110000001110001011100010111000001110001011
1000101101000011100010111000101110000011100010111000101011000011100010111
0001011100000111000101110000111000000111000101110000110010000111000011100
0010101000010100000011100010101000101011000011100010110000011011000011100
0101111000110100000111000101110000111100001010000001110001011100001110000
0011100010111000101110000011100010111000011011000011100010111000101110000
0111000101111000110010000111000101111001011110000111000101111000110110000
1110000111000010101000010100000011100010111000101101000011100010111000011
1100000111000101111000110110001010000001110001011100010111100001110001011
1100011001000011100010111000011001000011100010111000011011000011100010111
0000111010000111000101111001010110001010000001110001011100010110100001110
0010111000011001000101000000111000101110001000000000111000101110000111100
0001110001011100010110000001110001011100010101100001110001011100001111000
0101110001010000001110001011000010110100001110001011100010111000010100000
0111000101110001011110000111000101111000110010000111000101110000110010000
1110001011100001101100001110001011100001110100001110001011110010101100010
1000000111000101110001011010000111000101110000111100000111000101111000110
1100010100000011100010111000100001000101000000111000101110000110110000111
0001011110010101100001110001011110010000100001110001011100001111000001110
0010101100101011000101110001010000001110001011010010110100001110001011110
0011011000011100010111000101110000101000000111000101110001011110000111000
1011100010111000001110001011110001111000001110001011100010111000001110001
0111000011111000011100010111000011110000101000000111000101110001011010000
1110001011100001100100010100000011100010111100011001000011100010111000011
1100000111000101111001000000000111000101111001011000001010000001110001011
1000101110000011100010111000011010000011100010111000011011000011100010111
0001000010000111000101110001011010000111000101111001011110000111000101110
0001111000001110001011100010110000001110001011100010111000001110001011100
0011100000011100010111000101110000101110001010000001110001011000010111000
0011100010111000101010000011100010111000011001000011100010111000100000000
0111000101111001010110000111000101110000110110000111000101110000110010000
1110001011100001111000001110001011110001101100001110001011110001101000001
1100010111100101111000011100001101100101100000101000000111000101111000111
0000001110001011100001101000001110001011100010000100001110001011100010001
0000011100010111100011010000011100010111100011011000011100010111000011011
0000111000101110001011100001010000001110001011100010000000001110001011100
0011001000011100010111000011101000011100010111100011100000011100010111000
1011000000111000101110000110010000111000101110001011010000111000101110001
0111000010100000011100010111000011101000011100010111000011001000011100010
1110000110110000111000101110001011010000111000101110001011100000111000011
0110010110000010100000011100010111000011100000011100010111000101110000011
1000101111000110110000111000101110001011100000111000101110000110110000111
0001011100010111000010100000011100010111000100001000101000000111000101110
0010111000001110001011110001100100001110001011110001110000001110001011100
0011101000011100010111000100001000011100010111000011110000101000000111000
1000100001111100010100000011100010101000101011000011100010111000101111000
0111000101110001011100000111000101111000110100000111000101110001010110000
1110001011100001111000001110001011100001110100001110001011100010110100001
1100010111000100001000011100010111000100010000101000000111000101110000111
0100001110001011100001100100001110001011110001100100010100000011100010111
0001011000000111000101110001011100000111000101110000111100000111000101110
0010001000010100000011100010110000100001000011100010111000100000000011100
0101110001011100000111000101111000110010000111000101111001010110000111000
1010110010101100010111000101000000111000101100001011010000111000101110001
0111000010100000011100010111000101010000011100010111100011011000011100010
1110001011100001010000001110001011110001101100001110001011100001100100001
1100010111000101010000011100010111000011001000011100010111100101111000101
0000001110001011000010000100001110001011100010000000001110001011100010111
0000011100010111100011001000011100010111000011001000011100001110000101111
0001010000001110001011000001110000001110001011100001110100001110001011100
0011110000101000000111000101111000111110000111000101110000111100000111000
1011100010101100001110001011110010101100001110001011110001111000010100000
0111000101110000110110000111000101110001011100000111000101111000110100000
1110001011100001111000001110001011100010110000001110001011100010110100001
1100010111000011001000011100010111000011101000011100010111100011111000011
1000101110000110010000111000101111000110110000111000101111001011000001010
0000011100010111000101011000011100010111000011110000011100010111100011011
0001010000001110001011010001101000001110001011100001100100001110001011100
0101011000011100010111100101100000011100010111000011110000011100010111100
0110010000111000101110001000010001010000001110001011110001111000001110001
0111100011001000011100010111000011001000011100010111000101101000011100010
1110001000010000111000101110001010110001010000001110001011110010111100001
1100010111000011101000101000000111000100010000111110001010000001110001011
1000011011000101000000111000101110001011110000111000101111000111000000111
0001011100010000000001110001011110010101100001110001011110001100100001110
0010111100101100000011100010111000101010000011100010111000011110000011100
0011100001011110001010000001110001011000010111100001110001011100010111000
0011100010111100101101000011100010111100011011000101000000111000101100000
1100100001110001011110001100100001110001011110001101000001110001011100001
1110000011100010111000101101000011100010111000100001000011100010111000100
0100001010000001110001011010001101100001110001011100001100100001110001011
1100011001000011100010111000101010000011100010111000101110000011100010111
0000110110000111000101111000110100000111000101110001010100000111000101110
0010000100001110001011100010001000010100000011100010111100011010000011100
0101111001000000000111000101110001000010000111000101111000110110000111000
1011100001100100001110001011100010101100001110000110110010110000010100000
0111000101111001000000000111000101111000110110000111000101110001011100001
0100000011100010111100101111000011100010111000011101000101000000111000101
1100001101000001110001011110010101100001110001011100010101100010100000011
1000101110000110110001010000001110001011100010111100001110001011100001111
0000011100010111100011001000011100010111100011010000011100010111100011011
0000111000101110001011010000111000101110000111100000111000011100001010100
0010100000011100010101000101011000011100010110100011011000011100010111100
1010110001010000001110001011100001101000001110001011100001111000001110001
0111000100000000011100010111100011100000011100010111000101100000011100010
1110001011010000111000101110000110010000111000011011001011000001010000001
1100010110000100001000011100010111000100000000011100010111000101110000011
1000101111000110010000111000101110000110010000111000011011001011000001010
0000011100010111000011010000011100010111000011110000011100010111000100000
0000111000101111000111000000111000101110001011000000111000101110001011010
0001110001011100001100100010100000011100010111000100001000101000000111000
1011100010000000001110001011100010101100001110001011100001100100010111000
1010000001110001011010001101100001110001011110010101100010100000011100010
1110001010100000111000101110001011100000111000101110001011000000111000101
1110001110000010100000011100010111000101111000011100010111000101110000011
1000101110000111010000111000101110000110010000111000101111000110010000111
0001011100010000100001110001011100010101100001110001011100001100100010100
0000111000101111000110100000111000101110000110110000111000101110001011100
0001110001011100010001000010100000011100010111000101111000011100010111000
0111100000111000101111000110010000111000101111000110100000111000101111000
1101100001110001011100001111000001110001011100010110100001110001011110010
1100000101000000111000101111000110100001010000001110001011100010111000001
1100010111100011011000011100010111100011001000011100010111000011001000011
1000101110000110110000111000101110001011100000111000101110001000100000111
0000111000010111100001110001010110010101100010100000011100010110100100000
0000111000101111000110110000111000101110001011100001010000001110001011100
0100000000011100010111000011001000101000000111000101101001000000000111000
1011100001111000001110001011110001100100001110001011100010110100001110001
0111100101011000011100010111000100010000101000000111000101111001000000000
1110001011100001111000001110001011100010101100001110001011100010111000001
1100010111000011011000011100010111000011110000011100010111000101010000101
0000001110001011100010111100001110001011110001100100001110001011100010000
1000011100010111100011110000011100010111000101110000011100010111000011101
0000111000101110001000010000111000101110001010110001010000001110001011100
0101010000101000000111000101100001011000000111000101110001011100000111000
1011110001111100001110001011100001100100001110001011110001100100001110001
0111100011011000011100010111100011100000101000000111000101110001000000000
1110001011100001100100001110001011100010101000001110001011100001100100001
1100010111000100000000011100010111000011001000011100010111100011011000011
1000101111001011000001010000001110001010100010101100001110001011010001100
1000011100010111000011110000011100010111000101010000011100010111000011011
0000111000101110001000010000111000101110000111100000111000101110001011000
0001110001010110010101100010100000011100010111000100001000101000000111000
1011100010111100001110001011100010111000001110001011110010000000001110001
0111000011110000011100010111000101100000011100010111100011100000101000000
1110001011100001101100010100000011100010111100011011000011100010111100011
0010000111000101110000110010000111000101110001010100000111000101111000110
1100001110001011100010000100001110001011110001100100001110001011100001111
0000101000000111000101100001011000000111000101110001011100000111000101111
0001111100001110001011100001100100001110001011110001100100001110001011110
0011011000011100010111100011100000101000000111000101110001010100000111000
1011100001100100001110001011100001111100001110001011100001111000001110001
0111100011011000011100010111100011010000011100010111100101111000011100001
1011001011000001010000001110001011110010000000001110001011110001101100001
1100010111000101110000101000000111000101110001011100000111000101110001011
0100010100000011100001101100100001000011100010111000100001000011100010111
0001010110000111000101110001000010001010000001110001011100010111000001110
0010111000101101000011100010111000011001000011100001110000101111000011100
0011011001000100001010000001110001011100001110000001110001011100001110100
0011100010111000011110000101100000111000101111000110110000111000101110001
0111000010100000011100010111100011001000011100010111100101111000011100010
1110000111010000111000101110001011100000111000101110001011000000111000011
1000010111100010100000011100010110100011011000011100010111000011001000011
1000101111000110010000111000101110001010100000111000101110001011100000111
0001011100001101100001110001011110001101000001110001011100010101000001110
0010111000100001000011100010111000100010000101000000111000101110001011110
0001110001011100010111000001110001011100010101100001110001011100001100100
0011100010111000011100000011100010111000011001000011100010111000101011000
0111000011011001011000001010000001110001011110010000000001110001011110001
1011000011100010111000101110000101000000111000101111001011010000111000101
1110001101100001110001011100010111000010100000011100010110000100001000011
1000101110001000000000111000101110001011100000111000101111000110010000111
0001011100001100100010100000011100010101000101011000011100010111000100000
0000111000101110000110010001010000001110001011100001110100001110001011100
0011011000011100010111000011110000011100010111100011001000011100010111100
1011000000111000101111001011100001010000001110001011110001101100001110001
0111100011001000011100010111000011001000011100010111000101010000011100010
1111000110110000111000101110001000010000111000101111000110010000111000101
1100010110100001110001011100010111000001110001011100010001000010100000011
1000101111000110110000111000101110001000010000111000101111000111100000111
0001011100010111000001110001011100010110100001110001011110010110000001110
0010111000101010000011100010111000101110000101000000111000101110000111110
0001110001011100001110100001110001011100001100100001110001011100010101100
0011100010111000011001000101110001011100010111000011100010101100101011000
1010000001110001011000010110100001110001011100001111000010100000011100010
1110000110100000111000101111001010110000111000101110001010110000111000101
1100010111000010100000011100010111000101011000011100010111000100001000101
0000001110001011110001101000001110001011100001110000001110001011100010111
0000011100010111000011011000011100010111000101110000011100010111100011001
0000111000101110000110010001010000001110001011100010110000001110001011100
0011110000011100010111000011111000011100010111000011101000011100010111100
0111000001010000001110001011100010110100001110001011100001111000001110001
0111000100010000101000000111000101110001000010001010000001110001011010001
1010000011100010111000011001000011100010111000101011000011100010111100101
1000000111000101110000111100000111000101111000110010000111000101110001000
0100001110000111000010111100001110000111000010110001001011010110110000111
0000110110010111100001110000111000010111000001110001011000010111100001110
0010111000011110000011100010111100011001000011100010111000011110000011100
0101110000111010001010000001110001011100010110100001110001011100001100100
0011100010111000101100000011100010111000100001000101000000111000101010001
0101100001110001011110001101100001110001011100001111000001110001011100010
1110000011100010111100011001000011100010111000011110000011100010111100011
0110000111000101110001000010000111000101111001000000000111000101110000111
1000001110001011110001101000001110001011100010101000001110001011100010111
0000011100010111000011110000101000000111000101110001011110000111000101111
0001100100001110001011100001111000001110001011110001101000001110001011110
0011011000011100010111100011100000011100010111000101111000011100010111000
1010110000111000101110000111100000111000101110001011010000111000101110001
0000100001110001011100001111000001110001010110010101100001110000110110010
1100000101000000111000101111000110110000111000101110001011100001010000001
1100010111000011110000011100010111100011010000011100010111100011011000011
1000101111001011000001010000001110001011110001101000001110001011100010111
0000011100010111000011011000011100010111000011110000011100010111100011001
0000111000101111001000010000111000101110000111100000111000101110001011010
0001110001011100010110100001110001011100010111000001110001011100001111000
0101000000111000101111000110010000111000101110000110010000111000101110000
1110100001110001011100010000100010100000011100010111000100001000011100010
1110000111010000111000101110000111100000111000101110001000010001011100010
1000000111000101010001010110000111000101100001011010000111000101110000111
1000001110001011110001101100001110000110110010110000010100000011100010111
0001011010000111000101110001000010000111000101110001010100000111000101110
0010111000001110001011100001110000001110001011100001110100001110001011100
0011001000101000000111000101111001011110001010000001110001011100010000000
0011100010111000011001000011100010111000011011000011100010111000100001000
0111000101111000110100000111000101111000110110000111000101110001000010001
0100000011100010111000101101000011100010111000011110000101000000111000101
1100010000000001110001011100010110100001110001011100001100100001110001011
1000101011000011100010101100101011000011100001101100101100000101000000111
0001000100001111100010100000011100010111000011100000011100010111000101110
0000111000101110000110110000111000101110001011100000111000101111000110010
0001110001011100010000100001110001011110001101100010100000011100010110100
0110100000111000101110000110010000111000101110001010110000111000101111001
0110000001110001011100001111000001110001011110001100100001110001011100010
0001000101110001010000001110001011000010110100001110001011100001100100001
1100010111100011010000011100010111100011011000011100010111000101110000011
1000101111001011110000111000101111001000100000111000101110001000010000111
0001011100010001000010100000011100010111000100000000011100010111000011001
0000111000101110000110110000111000101110001000010000111000101111000110100
0001110001011110001101100001110001011100010110100001110001011100010000100
0011100010111000101010000101000000111000101110001011010000111000101110000
1111000010100000011100010111000101111000011100010111100011001000011100010
1110001000010000111000101110001000000000111000101110001011010000111000101
1100001100100001110001011100001111000001110001011110001101100010100000011
1000101110000111000000111000101110000111100000111000101110001011010000111
0001011100010000100001110001011100001100100001110001011100010101100001110
0010111100101100000011100010111000101101000011100010111000101110000011100
0101111000110100000111000101111000110110000111000101110001000010001010000
0011100010111100011010000011100010111000101110000011100010111000101111000
0111000101110000111100000111000101111000110010000111000101110001011010000
1110001011100010000100001110001011100010101000001110001011100001100100001
1100001101100101100000101000000111000101110000110010001010000001110001011
0100011010000011100010111000011001000011100010111000101011000011100010111
1001011000000111000101110000111100000111000101111000110010000111000101110
0010000100010100000011100010111000101101000011100010111000011110000101000
0001110001011110001101000001110001011100010111000001110001011100010110000
0011100010111000101101000011100010111000011110000011100010111000011011000
0111000101110000110010000111000101110000111100000111000101111000110110000
1110001011110001101000001110001011110010111100010100000011100010111000011
0110001010000001110001011100001101100001110001011100001111000001110001011
1000101011000011100010111000100001000011100010111100100000000011100010111
0001000010000111000101110001000010001010000001110001011000010110000001110
0010111000101110000011100010111100011111000011100010111000011001000011100
0101111000110010000111000101111000110110000111000101110000110010000111000
0110110010110000010100000011100010111000101101000011100010111000101110000
1010000001110001011100001101100001110001011100001111000001110001011110001
1001000011100010111000100001000011100010111100011011000011100001101100101
1000001010000001110001011110010000000001110001011110001101100001110001011
1000101110000101000000111000101110000111100000111000101110000111000000111
0001011100010111000010100000011100010111100011010000011100010111000101100
0000111000101110000111100000111000101111000110010000111000101111000110110
0001110001011110010110000010100000011100010111000101111000011100010111100
0110010000111000101110001000010000111000101110001011010000111000101110000
1111000001110001011110001101000001110001011100001111000001110001011110001
1011000101000000111000101111001000000000111000101110000111100000111000101
1100010101100001110001011100010111000001110001011100001101100001110001011
1000011110000011100010111100100000000011100010111000011110000011100010111
1000110100000111000101111000110110000111000101110000110110000111000101111
0001110000010100000011100010111000011010000011100010111000101011000011100
0101110000110010000111000101110000111000000111000101110001011100001011100
0011100001110000101100010010110101101100001110000110110010111100001110000
1110000101110000011100010110000101101000011100010111000011001000101000000
1110001011110010110100001110001011110001101100001110001011100010111000001
1100010111100011011000101000000111000101110000111110000111000101110000111
1000010100000011100010111000101111000011100010111100011100000011100010111
1000110110000111000101111001011000001010000001110001011100001101100001110
0010111100011010000011100010111100011011000011100010111000011001000011100
0101110001011010000111000101110000111100000111000101111000110110001010000
0011100010111000100001000101000000111000101101000110010000111000101110001
0111000001110001011100001110100001110001011100010000100001110001011100010
1110000011100010111000101101000101000000111000101101000110010000111000101
1100001100100001110001011110001101000001110001011100010101000001110001011
1000101110000011100010111000101011000011100010111100101100000011100010111
0001011010000111000101110001000010000111000101110001010100000111000101110
0010111000001110001011100001101100010111000101000000111000101101000110100
0001110001011100001100100001110001011100010101100001110001011110010110000
0011100010111000011110000011100010111100011001000011100010111000100001000
1010000001110001011110001110000001110001011100001101000001110001011100010
0001000011100010111000011011000011100010111000011001000011100010111000011
1100000111000101111000110110001010000001110001011100001110000001110001011
1000011110000011100010111000101101000011100010111000100001000011100010111
1001011110000111000011011001011000001010000001110001011010001100100001110
0010111000011001000011100010111100011010000011100010111000101010000011100
0101110001011100000111000101110001010110000111000101111001011000000111000
1011100010110100001110001011100010000100001110001011100010101000001110001
0111000101110000011100010111000011011000101000000111000100010000111110001
0100000011100010111000101101000011100010111000100001000011100010111000101
0100000111000101110001011100000111000101110001011000000111000101111000111
0000010100000011100010111000101101000011100010111000011110000101000000111
0001011100010110100001110001011110001110000001110001011100001111100001110
0010111000101101000011100010111100011100000011100010111100101110000101000
0001110001011110001101000001110001011110001101100001110001011100001100100
0011100010111100011001000011100010111100011100000011100010111100011110000
0111000101111000111000001011000001110001011100010111100001110001011110001
1001000011100010111000101110000011100010111100011111000011100010111000011
1100000111000101110001011010000111000101111000110110000111000101111001000
1000001110001011100010000100001110001011110001111100001110001011110001110
0000011100001101100101100000101000000111000101110001011010000111000101110
0010111000010100000011100010111000011011000101000000111000101110001011100
0001110001011100001101000001110001011100010111000001110001011100010000100
0011100010111100011110000101000000111000101111000110100000111000101110001
0101100001110001011110001110000001110001011110010000000001110001011100001
1001000011100010111100101111000011100010111100011110000101000000111000101
1110010110100001110001011110001101100001110001011100010111000010100000011
1000101110001000000000111000101110001010110000111000101110001011100000111
0001011100001110100001110001011100001111000001110001011100010001000001110
0010111100011010000011100010111100011011000011100010111000011011000011100
0101110001011100001011100010100000011100010110000101110000011100010111000
0111010000111000101110001011010000111000101110000110010000111000101110001
0101000001110001011100010111000010100000011100010111100011001000011100010
1111001011110000111000101110000111010000111000101110001011100000111000101
1100010110000010100000011100010111100011010000101000000111000101101000110
0100001110001011100001100100001110001011110001101000001110001011100010101
0000011100010111000101110000011100010111000101011000011100010111100101100
0000111000101110001011010000111000101110001000010000111000101110001010100
0001110001011100010111000001110001011100001101100001110001011110010101100
0011100010111000101100000101000000111000101110001011100000111000101110001
0101000001110001011100001100100001110001011100001111100001110001011100001
1110000011100010111100011011000011100010111100011010000011100010111100101
1110001010000001110001011100010110100001110001011100001111000010100000011
1000101100001000010000111000101110001000000000111000101110001011100000111
0001011110001100100001110001011100001100100010100000011100010111100011010
0001010000001110001011100001111000001110001011100001111000010100000011100
0101111001000000000111000101110000111100000111000101111000110010000111000
1011100010110100001110001011110010101100001110001011100010110000001110001
0111000100001000101000000111000101110001011100000111000101111001000000000
1110001011100001100100001110001011100010110000001110001011100010000100010
1000000111000101110001000010001010000001110001011110010000000001110001011
1000011110000011100010111100011001000011100010111000101101000011100010111
0001011100000111000101110001000100001010000001110001011100001110100001110
0010111100011100000011100010111100100001000011100010111000101110000011100
0101110001000100000111000011011001011000001010000001110001011100001100100
0101000000111000101101000110100000111000101110001011100000111000101110001
0110100001110001011110010111100010100000011100010110000101100000011100010
1110000110010000111000101111000110010000111000101110001011000000111000101
1100001111000001110001011100010101100001110001011100001100100001110001011
1000011101000011100010111000101110000011100010111000011011000011100010111
0000110010000111000011011001011000001010000001110001011100010101000001110
0010111000101110000011100010111100011011000011100010111000101110000011100
0101111000110010000111000101110000110010000111000101111001011110001010000
0011100010111100011010000011100010111000011110000011100010111100011001000
0111000101110000111010000111000101111000111110000111000101110000111100000
1110001011100010110000010100000011100010111000101110000011100010111000011
0100000111000101111001010100000111000101111001011110000111000101111000110
1000001110001011100010110100001110001011100010000100001110001011110001101
1000011100001101100101100000101000000111000101110001011110000111000101110
0010111000001110001011110010000000001110001011100001111000001110001011100
0101100000011100010111100011100000101000000111000101110001011100000111000
1011100010110100010100000011100010111000101101000011100010111000011110000
0111000101111000110100000111000101111001000000000111000101110000110010000
1110001011110001101000001110001011110001101100001110001011100010110100001
1100010111100101011000011100010111000100010000101000000111000101111000111
0000001110001011100001101000001110001011100010000100001110001011100010001
0000011100010111100011111000011100010111000011001000011100001101100101100
0001010000001110001011100001100100010100000011100010111000101101000011100
0101110000111100001010000001110001011100001110000001110001011100001111000
0011100010111100011001000011100010111000101110000011100010111000100010000
1011100001110000111000010110001001011010110110000111000011011001011110000
1110000111000010111000001110001011010001101000001110001011100010111000001
1100010111100011101000011100010111100101100000011100010111100101111000101
0000001110001011000010111100001110001011100001111000001110001011110001100
1000011100010111000101110000011100010111000011011000011100010111100011010
0000111000101110001010100000111000101110000110010000111000101111001011110
0001110000110110010110000010100000011100010111100011100000011100010111100
1000000000111000101110000110010000111000101111000110100000111000101111000
1101100001110001011100010110100001110001011100010000100001110001011110001
1111000011100010111000011001000101000000111000101111000110110000111000101
1100001111000001110001011110001100100001110001011100001100100001110001011
1000101010000011100010111100011011000011100010111000011001000101000000111
0001011100010111100001110001011110001100100001110001011100010111000001110
0010111100011011000011100010111000100001000011100010111000011011000101000
0001110001011000001100100001110001011100010101100001110001011100001111000
0011100010111000101010000011100010111100011010000011100010111000011001000
0111000101110001011010000111000101110000111010000111000101111000110010000
1110001011100001100100010100000011100010110000011011000011100010111100011
0110000111000101110001011100000111000101111000110010000111000101110001011
1000001110001011100001110000001110001011100010111000001110000110110010110
0000101000000111000101111000110110000111000101110001011100000111000101110
0001111100001110001011100001111000010100000011100010111000011010000011100
0101111001010110000111000101110001010110000111000101110000110010001010000
0011100010110100011010000011100010111000101110000011100010111000101101000
0111000101110000111100000111000101110001000100001010000001110001011100010
0001000011100001101100101100000101000000111000101110001010100000111000101
1110001101000001110001011110001101100001110001011100001100100001110001011
1100011011000011100010111000100001000011100001101100101100000101000000111
0001011100001111000001110001011100001110100001110001011100010000100001110
0010111000101101000011100010111100011010000011100010111100011011000011100
0101110000110110000111000101110000111100000111000101110001011010000111000
1011100010110100001110001011100010111000001110001011100010001000010100000
0111000101110000111110000111000101110000111100000111000101110001011010000
1110001011110010001000001110001011100010000100001110001011100010110100001
1100010111000101110000011100010111000100010000101000000111000101111000110
1000001110001011110001100100001110001011100001111000001110001011100001110
1000011100010111000100001000101000000111000101110001010100000111000101110
0001100100001110001011100010000000001110001011100010110100001110001011100
0011110000011100010111000101101000011100010111000101101000011100010111100
1010110000111000101111000111100001010000001110001011100010000000001110001
0111000011001000011100010111000011100000011100010111000101110000011100010
1110000110110000111000101110001011100000111000101111000110010000111000101
1110010001000001110001011100010000100001110001011100010101000001110001011
1000101110000011100010111000011011000101110001010000001110001011000010000
1000101000000111000101110001011100000111000101110001011010000111000101110
0001100100001110000110110010110000010100000011100010111000011011000011100
0101110001011100000111000101110001000000000111000101110001011000000111000
1011100010111000001110001011100001111100001110001011100010110100001110001
0111000101110000011100001101100101100000101000000111000101110001011000000
1110001011100010111000001110001011100001110000001110001011100010101100001
1100010111000011001000101000000111000101110000110100000111000101111001010
1100010100000011100010111000100001000011100010111100011110000101000000111
0001011100010111000001110001011110001101000001110001011110001101100001110
0010111000011001000011100010111000101101000011100010111000101110000011100
0101110000110110000111000101110001000010000111000101111000110110000111000
1011110010110000010111000011100001110000101100010010110101101100001110000
1101100101111000011100001110000101110000011100010110000011011000011100010
1111000110100000111000101110000111100000111000101110000111000000111000101
1100010111000010110000011100010111100011011000011100010111000101110000101
0000001110001011100010000100010100000011100010111000101101000011100010111
0000110010000111000101110000111010000111000101110001011100001010000001110
0010001000011111000101000000111000101110001011110000111000101111000110010
0001110001011100010111000001110001011110001101000001110001011110001101100
0011100010111000101110000011100010111000011110000101000000111000101111000
1101000001110001011100001111000001110001011110001100100001110001011100001
110100001110001011110001111100001110001011100001111000010111